01 9 8 41 40 37 36 35 33 7 10 42 39 38 1 32 34 11 6 46 43 44 2 31 22 12 47 5 45 3 30 21 23 13 14 48 4 56 20 29 24 50 49 15 54 55 19 25 28 51 52 53 16 0 18 26 0
02 0 8 0 40 0 0 0 33 7 0 0 0 38 1 0 34 11 0 0 0 44 0 0 0 0 47 0 0 0 0 21 0 0 14 0 4 56 0 0 24 50 0 0 0 0 0 0 28 0 0 53 16 0 18 26 0
03 0 32 0 7 0 44 41 0 31 0 0 0 0 0 0 0 0 9 0 46 35 4 0 39 27 0 0 0 0 0 19 0 0 0 1 0 13 0 0 18 49 25 0 0 54 0 0 0 0 0 52 23 0 0 56 16
04 0 31 0 27 24 0 0 0 0 0 30 0 0 11 0 13 0 1 22 56 0 54 0 0 37 0 2 0 0 0 52 17 0 38 0 43 0 8 0 0 0 0 0 0 0 19 0 50 40 0 5 0 45 0 49 0
05 0 21 0 17 0 0 37 0 22 0 0 0 0 0 1 3 56 0 0 0 0 15 0 0 24 0 12 31 0 47 0 40 0 54 0 0 30 6 0 0 0 0 0 0 0 0 7 0 0 51 0 28 9 0 44 0
06 0 32 0 0 3 0 0 22 0 30 1 0 19 0 56 0 0 0 17 0 0 0 0 0 35 0 0 0 0 26 0 6 15 0 0 0 0 51 0 0 39 0 12 0 10 0 8 49 0 0 0 44 0 46 0 0
07 27 0 0 0 23 5 6 56 0 0 20 0 0 0 0 0 18 0 0 3 50 0 53 8 0 0 0 0 0 0 0 47 31 0 15 1 38 0 0 0 0 0 36 0 0 0 0 44 0 35 0 12 0 0 42 0
08 36 0 0 0 0 27 0 0 0 0 32 0 0 11 0 8 1 0 0 0 5 0 0 56 39 0 14 0 0 0 24 0 42 0 3 0 0 52 0 54 0 43 0 0 0 0 0 22 0 45 0 17 48 0 20 0
09 0 0 0 0 0 5 0 0 18 46 0 22 0 0 0 0 0 0 0 0 0 28 0 7 48 0 0 0 0 0 0 34 0 42 0 0 56 1 9 0 0 0 0 0 0 0 36 0 0 53 40 0 0 13 0 0
10 9 0 7 13 0 0 19 0 0 0 0 0 0 0 24 0 0 11 0 16 0 0 0 0 0 0 0 1 56 0 0 29 0 0 0 0 0 0 0 0 45 49 42 39 0 0 32 0 0 43 0 51 0 0 36 0
11 0 0 0 1 0 0 0 0 0 54 0 0 0 24 0 28 48 0 0 0 20 0 0 0 0 5 56 0 0 32 0 0 0 0 44 34 0 0 0 0 0 0 0 0 0 0 39 0 0 9 0 36 0 0 0 15
12 1 0 0 0 0 56 26 0 13 0 0 0 0 20 0 0 0 16 0 0 9 0 0 0 0 51 0 0 0 0 23 0 0 0 0 0 0 0 0 0 0 0 44 0 32 6 0 0 47 0 0 0 40 0 0 37
13 0 0 19 0 0 27 0 0 0 23 0 0 0 0 7 0 0 0 0 0 0 30 0 3 0 40 54 50 0 0 0 0 0 0 0 0 0 1 0 0 0 56 0 0 0 46 11 14 0 34 0 44 0 0 0 0
14 0 0 0 24 0 0 0 2 20 0 0 0 0 44 0 0 0 0 52 0 0 0 0 0 0 0 0 56 0 46 0 0 0 37 0 0 0 0 0 6 0 0 0 0 0 32 0 0 0 14 0 0 0 10 0 0
15 36 0 0 0 40 0 0 43 0 0 0 0 52 0 0 0 0 0 0 0 14 0 0 0 32 0 56 4 0 48 0 0 18 0 0 0 0 0 0 11 0 0 0 0 28 0 0 0 1 0 21 0 0 24 0 8
16 0 7 52 0 46 0 20 0 0 0 0 0 0 0 0 0 0 0 0 0 0 0 0 0 0 49 0 0 0 56 0 0 0 0 0 0 0 0 41 25 0 0 33 37 0 0 0 0 14 0 0 0 0 28 0 1
17 0 20 1 56 0 0 50 0 0 0 0 0 0 0 0 0 0 0 24 0 0 47 0 42 16 0 0 0 4 0 0 0 0 0 0 13 0 0 0 0 29 32 0 37 0 0 10 0 0 0 0 0 0 0 7 0